0 0
0 36
0 72
0 108
0 144
1 0
1 37
1 73
1 109
1 145
2 0
2 38
2 74
2 110
2 146
3 0
3 39
3 75
3 111
3 147
4 0
4 40
4 76
4 112
4 148
5 0
5 41
5 77
5 113
5 149
6 1
6 36
6 78
6 108
6 144
7 1
7 37
7 79
7 109
7 145
8 1
8 38
8 80
8 110
8 146
9 1
9 39
9 81
9 111
9 147
10 1
10 40
10 82
10 112
10 148
11 1
11 41
11 83
11 113
11 149
12 2
12 36
12 84
12 114
12 156
13 2
13 37
13 85
13 115
13 157
14 2
14 38
14 86
14 116
14 158
15 2
15 39
15 87
15 117
15 159
16 2
16 40
16 88
16 118
16 160
17 2
17 41
17 89
17 119
17 161
18 3
18 36
18 90
18 114
18 156
19 3
19 37
19 91
19 115
19 157
20 3
20 38
20 92
20 116
20 158
21 3
21 39
21 93
21 117
21 159
22 3
22 40
22 94
22 118
22 160
23 3
23 41
23 95
23 119
23 161
24 4
24 36
24 96
24 120
24 168
25 4
25 37
25 97
25 121
25 169
26 4
26 38
26 98
26 122
26 170
27 4
27 39
27 99
27 123
27 171
28 4
28 40
28 100
28 124
28 172
29 4
29 41
29 101
29 125
29 173
30 5
30 36
30 102
30 120
30 168
31 5
31 37
31 103
31 121
31 169
32 5
32 38
32 104
32 122
32 170
33 5
33 39
33 105
33 123
33 171
34 5
34 40
34 106
34 124
34 172
35 5
35 41
35 107
35 125
35 173
36 6
36 42
36 72
36 108
36 144
37 6
37 43
37 73
37 109
37 145
38 6
38 44
38 74
38 110
38 146
39 6
39 45
39 75
39 111
39 147
40 6
40 46
40 76
40 112
40 148
41 6
41 47
41 77
41 113
41 149
42 7
42 42
42 78
42 108
42 144
43 7
43 43
43 79
43 109
43 145
44 7
44 44
44 80
44 110
44 146
45 7
45 45
45 81
45 111
45 147
46 7
46 46
46 82
46 112
46 148
47 7
47 47
47 83
47 113
47 149
48 8
48 42
48 84
48 114
48 156
49 8
49 43
49 85
49 115
49 157
50 8
50 44
50 86
50 116
50 158
51 8
51 45
51 87
51 117
51 159
52 8
52 46
52 88
52 118
52 160
53 8
53 47
53 89
53 119
53 161
54 9
54 42
54 90
54 114
54 156
55 9
55 43
55 91
55 115
55 157
56 9
56 44
56 92
56 116
56 158
57 9
57 45
57 93
57 117
57 159
58 9
58 46
58 94
58 118
58 160
59 9
59 47
59 95
59 119
59 161
60 10
60 42
60 96
60 120
60 168
61 10
61 43
61 97
61 121
61 169
62 10
62 44
62 98
62 122
62 170
63 10
63 45
63 99
63 123
63 171
64 10
64 46
64 100
64 124
64 172
65 10
65 47
65 101
65 125
65 173
66 11
66 42
66 102
66 120
66 168
67 11
67 43
67 103
67 121
67 169
68 11
68 44
68 104
68 122
68 170
69 11
69 45
69 105
69 123
69 171
70 11
70 46
70 106
70 124
70 172
71 11
71 47
71 107
71 125
71 173
72 12
72 48
72 72
72 108
72 144
73 12
73 49
73 73
73 109
73 145
74 12
74 50
74 74
74 110
74 146
75 12
75 51
75 75
75 111
75 147
76 12
76 52
76 76
76 112
76 148
77 12
77 53
77 77
77 113
77 149
78 13
78 48
78 78
78 108
78 144
79 13
79 49
79 79
79 109
79 145
80 13
80 50
80 80
80 110
80 146
81 13
81 51
81 81
81 111
81 147
82 13
82 52
82 82
82 112
82 148
83 13
83 53
83 83
83 113
83 149
84 14
84 48
84 84
84 114
84 156
85 14
85 49
85 85
85 115
85 157
86 14
86 50
86 86
86 116
86 158
87 14
87 51
87 87
87 117
87 159
88 14
88 52
88 88
88 118
88 160
89 14
89 53
89 89
89 119
89 161
90 15
90 48
90 90
90 114
90 156
91 15
91 49
91 91
91 115
91 157
92 15
92 50
92 92
92 116
92 158
93 15
93 51
93 93
93 117
93 159
94 15
94 52
94 94
94 118
94 160
95 15
95 53
95 95
95 119
95 161
96 16
96 48
96 96
96 120
96 168
97 16
97 49
97 97
97 121
97 169
98 16
98 50
98 98
98 122
98 170
99 16
99 51
99 99
99 123
99 171
100 16
100 52
100 100
100 124
100 172
101 16
101 53
101 101
101 125
101 173
102 17
102 48
102 102
102 120
102 168
103 17
103 49
103 103
103 121
103 169
104 17
104 50
104 104
104 122
104 170
105 17
105 51
105 105
105 123
105 171
106 17
106 52
106 106
106 124
106 172
107 17
107 53
107 107
107 125
107 173
108 18
108 54
108 72
108 126
108 150
109 18
109 55
109 73
109 127
109 151
110 18
110 56
110 74
110 128
110 152
111 18
111 57
111 75
111 129
111 153
112 18
112 58
112 76
112 130
112 154
113 18
113 59
113 77
113 131
113 155
114 19
114 54
114 78
114 126
114 150
115 19
115 55
115 79
115 127
115 151
116 19
116 56
116 80
116 128
116 152
117 19
117 57
117 81
117 129
117 153
118 19
118 58
118 82
118 130
118 154
119 19
119 59
119 83
119 131
119 155
120 20
120 54
120 84
120 132
120 162
121 20
121 55
121 85
121 133
121 163
122 20
122 56
122 86
122 134
122 164
123 20
123 57
123 87
123 135
123 165
124 20
124 58
124 88
124 136
124 166
125 20
125 59
125 89
125 137
125 167
126 21
126 54
126 90
126 132
126 162
127 21
127 55
127 91
127 133
127 163
128 21
128 56
128 92
128 134
128 164
129 21
129 57
129 93
129 135
129 165
130 21
130 58
130 94
130 136
130 166
131 21
131 59
131 95
131 137
131 167
132 22
132 54
132 96
132 138
132 174
133 22
133 55
133 97
133 139
133 175
134 22
134 56
134 98
134 140
134 176
135 22
135 57
135 99
135 141
135 177
136 22
136 58
136 100
136 142
136 178
137 22
137 59
137 101
137 143
137 179
138 23
138 54
138 102
138 138
138 174
139 23
139 55
139 103
139 139
139 175
140 23
140 56
140 104
140 140
140 176
141 23
141 57
141 105
141 141
141 177
142 23
142 58
142 106
142 142
142 178
143 23
143 59
143 107
143 143
143 179
144 24
144 60
144 72
144 126
144 150
145 24
145 61
145 73
145 127
145 151
146 24
146 62
146 74
146 128
146 152
147 24
147 63
147 75
147 129
147 153
148 24
148 64
148 76
148 130
148 154
149 24
149 65
149 77
149 131
149 155
150 25
150 60
150 78
150 126
150 150
151 25
151 61
151 79
151 127
151 151
152 25
152 62
152 80
152 128
152 152
153 25
153 63
153 81
153 129
153 153
154 25
154 64
154 82
154 130
154 154
155 25
155 65
155 83
155 131
155 155
156 26
156 60
156 84
156 132
156 162
157 26
157 61
157 85
157 133
157 163
158 26
158 62
158 86
158 134
158 164
159 26
159 63
159 87
159 135
159 165
160 26
160 64
160 88
160 136
160 166
161 26
161 65
161 89
161 137
161 167
162 27
162 60
162 90
162 132
162 162
163 27
163 61
163 91
163 133
163 163
164 27
164 62
164 92
164 134
164 164
165 27
165 63
165 93
165 135
165 165
166 27
166 64
166 94
166 136
166 166
167 27
167 65
167 95
167 137
167 167
168 28
168 60
168 96
168 138
168 174
169 28
169 61
169 97
169 139
169 175
170 28
170 62
170 98
170 140
170 176
171 28
171 63
171 99
171 141
171 177
172 28
172 64
172 100
172 142
172 178
173 28
173 65
173 101
173 143
173 179
174 29
174 60
174 102
174 138
174 174
175 29
175 61
175 103
175 139
175 175
176 29
176 62
176 104
176 140
176 176
177 29
177 63
177 105
177 141
177 177
178 29
178 64
178 106
178 142
178 178
179 29
179 65
179 107
179 143
179 179
180 30
180 66
180 72
180 126
180 150
181 30
181 67
181 73
181 127
181 151
182 30
182 68
182 74
182 128
182 152
183 30
183 69
183 75
183 129
183 153
184 30
184 70
184 76
184 130
184 154
185 30
185 71
185 77
185 131
185 155
186 31
186 66
186 78
186 126
186 150
187 31
187 67
187 79
187 127
187 151
188 31
188 68
188 80
188 128
188 152
189 31
189 69
189 81
189 129
189 153
190 31
190 70
190 82
190 130
190 154
191 31
191 71
191 83
191 131
191 155
192 32
192 66
192 84
192 132
192 162
193 32
193 67
193 85
193 133
193 163
194 32
194 68
194 86
194 134
194 164
195 32
195 69
195 87
195 135
195 165
196 32
196 70
196 88
196 136
196 166
197 32
197 71
197 89
197 137
197 167
198 33
198 66
198 90
198 132
198 162
199 33
199 67
199 91
199 133
199 163
200 33
200 68
200 92
200 134
200 164
201 33
201 69
201 93
201 135
201 165
202 33
202 70
202 94
202 136
202 166
203 33
203 71
203 95
203 137
203 167
204 34
204 66
204 96
204 138
204 174
205 34
205 67
205 97
205 139
205 175
206 34
206 68
206 98
206 140
206 176
207 34
207 69
207 99
207 141
207 177
208 34
208 70
208 100
208 142
208 178
209 34
209 71
209 101
209 143
209 179
210 35
210 66
210 102
210 138
210 174
211 35
211 67
211 103
211 139
211 175
212 35
212 68
212 104
212 140
212 176
213 35
213 69
213 105
213 141
213 177
214 35
214 70
214 106
214 142
214 178
215 35
215 71
215 107
215 143
215 179
