0 0
0 36
0 72
0 108
0 144
1 0
1 37
1 73
1 109
1 145
2 0
2 38
2 74
2 110
2 146
3 0
3 39
3 75
3 111
3 147
4 0
4 40
4 76
4 112
4 148
5 0
5 41
5 77
5 113
5 149
6 1
6 36
6 78
6 108
6 144
7 1
7 37
7 79
7 109
7 145
8 1
8 38
8 80
8 110
8 146
9 1
9 39
9 81
9 111
9 147
10 1
10 40
10 82
10 112
10 148
11 1
11 41
11 83
11 113
11 149
12 2
12 36
12 84
12 108
12 144
13 2
13 37
13 85
13 109
13 145
14 2
14 38
14 86
14 110
14 146
15 2
15 39
15 87
15 111
15 147
16 2
16 40
16 88
16 112
16 148
17 2
17 41
17 89
17 113
17 149
18 3
18 36
18 90
18 114
18 162
19 3
19 37
19 91
19 115
19 163
20 3
20 38
20 92
20 116
20 164
21 3
21 39
21 93
21 117
21 165
22 3
22 40
22 94
22 118
22 166
23 3
23 41
23 95
23 119
23 167
24 4
24 36
24 96
24 114
24 162
25 4
25 37
25 97
25 115
25 163
26 4
26 38
26 98
26 116
26 164
27 4
27 39
27 99
27 117
27 165
28 4
28 40
28 100
28 118
28 166
29 4
29 41
29 101
29 119
29 167
30 5
30 36
30 102
30 114
30 162
31 5
31 37
31 103
31 115
31 163
32 5
32 38
32 104
32 116
32 164
33 5
33 39
33 105
33 117
33 165
34 5
34 40
34 106
34 118
34 166
35 5
35 41
35 107
35 119
35 167
36 6
36 42
36 72
36 108
36 144
37 6
37 43
37 73
37 109
37 145
38 6
38 44
38 74
38 110
38 146
39 6
39 45
39 75
39 111
39 147
40 6
40 46
40 76
40 112
40 148
41 6
41 47
41 77
41 113
41 149
42 7
42 42
42 78
42 108
42 144
43 7
43 43
43 79
43 109
43 145
44 7
44 44
44 80
44 110
44 146
45 7
45 45
45 81
45 111
45 147
46 7
46 46
46 82
46 112
46 148
47 7
47 47
47 83
47 113
47 149
48 8
48 42
48 84
48 108
48 144
49 8
49 43
49 85
49 109
49 145
50 8
50 44
50 86
50 110
50 146
51 8
51 45
51 87
51 111
51 147
52 8
52 46
52 88
52 112
52 148
53 8
53 47
53 89
53 113
53 149
54 9
54 42
54 90
54 114
54 162
55 9
55 43
55 91
55 115
55 163
56 9
56 44
56 92
56 116
56 164
57 9
57 45
57 93
57 117
57 165
58 9
58 46
58 94
58 118
58 166
59 9
59 47
59 95
59 119
59 167
60 10
60 42
60 96
60 114
60 162
61 10
61 43
61 97
61 115
61 163
62 10
62 44
62 98
62 116
62 164
63 10
63 45
63 99
63 117
63 165
64 10
64 46
64 100
64 118
64 166
65 10
65 47
65 101
65 119
65 167
66 11
66 42
66 102
66 114
66 162
67 11
67 43
67 103
67 115
67 163
68 11
68 44
68 104
68 116
68 164
69 11
69 45
69 105
69 117
69 165
70 11
70 46
70 106
70 118
70 166
71 11
71 47
71 107
71 119
71 167
72 12
72 48
72 72
72 120
72 150
73 12
73 49
73 73
73 121
73 151
74 12
74 50
74 74
74 122
74 152
75 12
75 51
75 75
75 123
75 153
76 12
76 52
76 76
76 124
76 154
77 12
77 53
77 77
77 125
77 155
78 13
78 48
78 78
78 120
78 150
79 13
79 49
79 79
79 121
79 151
80 13
80 50
80 80
80 122
80 152
81 13
81 51
81 81
81 123
81 153
82 13
82 52
82 82
82 124
82 154
83 13
83 53
83 83
83 125
83 155
84 14
84 48
84 84
84 120
84 150
85 14
85 49
85 85
85 121
85 151
86 14
86 50
86 86
86 122
86 152
87 14
87 51
87 87
87 123
87 153
88 14
88 52
88 88
88 124
88 154
89 14
89 53
89 89
89 125
89 155
90 15
90 48
90 90
90 126
90 168
91 15
91 49
91 91
91 127
91 169
92 15
92 50
92 92
92 128
92 170
93 15
93 51
93 93
93 129
93 171
94 15
94 52
94 94
94 130
94 172
95 15
95 53
95 95
95 131
95 173
96 16
96 48
96 96
96 126
96 168
97 16
97 49
97 97
97 127
97 169
98 16
98 50
98 98
98 128
98 170
99 16
99 51
99 99
99 129
99 171
100 16
100 52
100 100
100 130
100 172
101 16
101 53
101 101
101 131
101 173
102 17
102 48
102 102
102 126
102 168
103 17
103 49
103 103
103 127
103 169
104 17
104 50
104 104
104 128
104 170
105 17
105 51
105 105
105 129
105 171
106 17
106 52
106 106
106 130
106 172
107 17
107 53
107 107
107 131
107 173
108 18
108 54
108 72
108 120
108 150
109 18
109 55
109 73
109 121
109 151
110 18
110 56
110 74
110 122
110 152
111 18
111 57
111 75
111 123
111 153
112 18
112 58
112 76
112 124
112 154
113 18
113 59
113 77
113 125
113 155
114 19
114 54
114 78
114 120
114 150
115 19
115 55
115 79
115 121
115 151
116 19
116 56
116 80
116 122
116 152
117 19
117 57
117 81
117 123
117 153
118 19
118 58
118 82
118 124
118 154
119 19
119 59
119 83
119 125
119 155
120 20
120 54
120 84
120 120
120 150
121 20
121 55
121 85
121 121
121 151
122 20
122 56
122 86
122 122
122 152
123 20
123 57
123 87
123 123
123 153
124 20
124 58
124 88
124 124
124 154
125 20
125 59
125 89
125 125
125 155
126 21
126 54
126 90
126 126
126 168
127 21
127 55
127 91
127 127
127 169
128 21
128 56
128 92
128 128
128 170
129 21
129 57
129 93
129 129
129 171
130 21
130 58
130 94
130 130
130 172
131 21
131 59
131 95
131 131
131 173
132 22
132 54
132 96
132 126
132 168
133 22
133 55
133 97
133 127
133 169
134 22
134 56
134 98
134 128
134 170
135 22
135 57
135 99
135 129
135 171
136 22
136 58
136 100
136 130
136 172
137 22
137 59
137 101
137 131
137 173
138 23
138 54
138 102
138 126
138 168
139 23
139 55
139 103
139 127
139 169
140 23
140 56
140 104
140 128
140 170
141 23
141 57
141 105
141 129
141 171
142 23
142 58
142 106
142 130
142 172
143 23
143 59
143 107
143 131
143 173
144 24
144 60
144 72
144 132
144 156
145 24
145 61
145 73
145 133
145 157
146 24
146 62
146 74
146 134
146 158
147 24
147 63
147 75
147 135
147 159
148 24
148 64
148 76
148 136
148 160
149 24
149 65
149 77
149 137
149 161
150 25
150 60
150 78
150 132
150 156
151 25
151 61
151 79
151 133
151 157
152 25
152 62
152 80
152 134
152 158
153 25
153 63
153 81
153 135
153 159
154 25
154 64
154 82
154 136
154 160
155 25
155 65
155 83
155 137
155 161
156 26
156 60
156 84
156 132
156 156
157 26
157 61
157 85
157 133
157 157
158 26
158 62
158 86
158 134
158 158
159 26
159 63
159 87
159 135
159 159
160 26
160 64
160 88
160 136
160 160
161 26
161 65
161 89
161 137
161 161
162 27
162 60
162 90
162 138
162 174
163 27
163 61
163 91
163 139
163 175
164 27
164 62
164 92
164 140
164 176
165 27
165 63
165 93
165 141
165 177
166 27
166 64
166 94
166 142
166 178
167 27
167 65
167 95
167 143
167 179
168 28
168 60
168 96
168 138
168 174
169 28
169 61
169 97
169 139
169 175
170 28
170 62
170 98
170 140
170 176
171 28
171 63
171 99
171 141
171 177
172 28
172 64
172 100
172 142
172 178
173 28
173 65
173 101
173 143
173 179
174 29
174 60
174 102
174 138
174 174
175 29
175 61
175 103
175 139
175 175
176 29
176 62
176 104
176 140
176 176
177 29
177 63
177 105
177 141
177 177
178 29
178 64
178 106
178 142
178 178
179 29
179 65
179 107
179 143
179 179
180 30
180 66
180 72
180 132
180 156
181 30
181 67
181 73
181 133
181 157
182 30
182 68
182 74
182 134
182 158
183 30
183 69
183 75
183 135
183 159
184 30
184 70
184 76
184 136
184 160
185 30
185 71
185 77
185 137
185 161
186 31
186 66
186 78
186 132
186 156
187 31
187 67
187 79
187 133
187 157
188 31
188 68
188 80
188 134
188 158
189 31
189 69
189 81
189 135
189 159
190 31
190 70
190 82
190 136
190 160
191 31
191 71
191 83
191 137
191 161
192 32
192 66
192 84
192 132
192 156
193 32
193 67
193 85
193 133
193 157
194 32
194 68
194 86
194 134
194 158
195 32
195 69
195 87
195 135
195 159
196 32
196 70
196 88
196 136
196 160
197 32
197 71
197 89
197 137
197 161
198 33
198 66
198 90
198 138
198 174
199 33
199 67
199 91
199 139
199 175
200 33
200 68
200 92
200 140
200 176
201 33
201 69
201 93
201 141
201 177
202 33
202 70
202 94
202 142
202 178
203 33
203 71
203 95
203 143
203 179
204 34
204 66
204 96
204 138
204 174
205 34
205 67
205 97
205 139
205 175
206 34
206 68
206 98
206 140
206 176
207 34
207 69
207 99
207 141
207 177
208 34
208 70
208 100
208 142
208 178
209 34
209 71
209 101
209 143
209 179
210 35
210 66
210 102
210 138
210 174
211 35
211 67
211 103
211 139
211 175
212 35
212 68
212 104
212 140
212 176
213 35
213 69
213 105
213 141
213 177
214 35
214 70
214 106
214 142
214 178
215 35
215 71
215 107
215 143
215 179
