0 0
0 16
0 32
0 48
0 64
1 0
1 17
1 33
1 49
1 65
2 0
2 18
2 34
2 50
2 66
3 0
3 19
3 35
3 51
3 67
4 1
4 16
4 36
4 48
4 64
5 1
5 17
5 37
5 49
5 65
6 1
6 18
6 38
6 50
6 66
7 1
7 19
7 39
7 51
7 67
8 2
8 16
8 40
8 52
8 72
9 2
9 17
9 41
9 53
9 73
10 2
10 18
10 42
10 54
10 74
11 2
11 19
11 43
11 55
11 75
12 3
12 16
12 44
12 52
12 72
13 3
13 17
13 45
13 53
13 73
14 3
14 18
14 46
14 54
14 74
15 3
15 19
15 47
15 55
15 75
16 4
16 20
16 32
16 48
16 64
17 4
17 21
17 33
17 49
17 65
18 4
18 22
18 34
18 50
18 66
19 4
19 23
19 35
19 51
19 67
20 5
20 20
20 36
20 48
20 64
21 5
21 21
21 37
21 49
21 65
22 5
22 22
22 38
22 50
22 66
23 5
23 23
23 39
23 51
23 67
24 6
24 20
24 40
24 52
24 72
25 6
25 21
25 41
25 53
25 73
26 6
26 22
26 42
26 54
26 74
27 6
27 23
27 43
27 55
27 75
28 7
28 20
28 44
28 52
28 72
29 7
29 21
29 45
29 53
29 73
30 7
30 22
30 46
30 54
30 74
31 7
31 23
31 47
31 55
31 75
32 8
32 24
32 32
32 56
32 68
33 8
33 25
33 33
33 57
33 69
34 8
34 26
34 34
34 58
34 70
35 8
35 27
35 35
35 59
35 71
36 9
36 24
36 36
36 56
36 68
37 9
37 25
37 37
37 57
37 69
38 9
38 26
38 38
38 58
38 70
39 9
39 27
39 39
39 59
39 71
40 10
40 24
40 40
40 60
40 76
41 10
41 25
41 41
41 61
41 77
42 10
42 26
42 42
42 62
42 78
43 10
43 27
43 43
43 63
43 79
44 11
44 24
44 44
44 60
44 76
45 11
45 25
45 45
45 61
45 77
46 11
46 26
46 46
46 62
46 78
47 11
47 27
47 47
47 63
47 79
48 12
48 28
48 32
48 56
48 68
49 12
49 29
49 33
49 57
49 69
50 12
50 30
50 34
50 58
50 70
51 12
51 31
51 35
51 59
51 71
52 13
52 28
52 36
52 56
52 68
53 13
53 29
53 37
53 57
53 69
54 13
54 30
54 38
54 58
54 70
55 13
55 31
55 39
55 59
55 71
56 14
56 28
56 40
56 60
56 76
57 14
57 29
57 41
57 61
57 77
58 14
58 30
58 42
58 62
58 78
59 14
59 31
59 43
59 63
59 79
60 15
60 28
60 44
60 60
60 76
61 15
61 29
61 45
61 61
61 77
62 15
62 30
62 46
62 62
62 78
63 15
63 31
63 47
63 63
63 79
